old：zero_position     [ 10.2203 -0.1859 0.0035 0.9516 -0.2002 8.6487 -6.2187 ] [585.5791 -10.6506 0.1993 54.5202 -11.4682 495.5325 -356.3029 ]
new：zero_position     [ 10.2203 -0.1859 0.0035 0.9516 -0.2630 8.6487 -6.6585 ] [585.5791 -10.6505 0.1992 54.5201 -15.0702 495.5327 -381.5038 ]


旧的
zero_position     [ 10.2203 -0.1859 0.0035 0.9516 -0.2002 8.6487 -6.2187 ] [585.5791 -10.6506 0.1993 54.5202 -11.4682 495.5325 -356.3029 ]
goal_position     [ -0.0000 0.0000 -0.0000 -0.0000 -0.0628 -0.0000 -0.4398 ] [-0.0001 0.0001 -0.0001 -0.0001 -3.6007 -0.0001 -25.2001 ]
goal_position_reg [ 10.2203 -0.1859 0.0035 0.9516 -0.2630 8.6487 -6.6585 ] [585.5790 -10.6505 0.1992 54.5201 -15.0689 495.5324 -381.5030 ]
curr_position     [ 0.0000 0.0000 -0.0000 -0.0000 -0.0628 -0.0000 -0.4398 ] [0.0000 0.0001 -0.0001 -0.0000 -3.6006 -0.0001 -25.2001 ]
curr_position_reg [ 10.2203 -0.1859 0.0035 0.9516 -0.2630 8.6487 -6.6585 ] [585.5791 -10.6505 0.1992 54.5202 -15.0688 495.5324 -381.5030 ]

新的
zero_position     [ 10.2203 -0.1859 0.0035 0.9516 -0.2630 8.6487 -6.6585 ] [585.5791 -10.6505 0.1992 54.5201 -15.0702 495.5327 -381.5038 ]
goal_position     [ -0.0000 -0.0000 0.0000 0.0000 0.0000 -0.0000 0.0000 ] [-0.0001 -0.0000 0.0000 0.0000 0.0013 -0.0003 0.0008 ]
goal_position_reg [ 10.2203 -0.1859 0.0035 0.9516 -0.2630 8.6487 -6.6585 ] [585.5790 -10.6505 0.1992 54.5201 -15.0689 495.5324 -381.5030 ]
curr_position     [ 0.0000 -0.0000 0.0000 -0.0000 0.0000 -0.0000 0.0000 ] [0.0000 -0.0000 0.0001 -0.0001 0.0000 -0.0000 0.0000 ]
curr_position_reg [ 10.2203 -0.1859 0.0035 0.9516 -0.2630 8.6487 -6.6585 ] [585.5791 -10.6505 0.1993 54.5200 -15.0702 495.5327 -381.5038 ]

新的调整7关节
zero_position     [ 10.2203 -0.1859 0.0035 0.9516 -0.2630 8.6487 -6.6585 ] [585.5791 -10.6505 0.1992 54.5201 -15.0702 495.5327 -381.5038 ]
goal_position     [ 0.0000 -0.0001 -0.0000 -0.0000 0.0001 -0.0001 0.2001 ] [0.0012 -0.0029 -0.0009 -0.0028 0.0040 -0.0044 11.4647 ]
goal_position_reg [ 10.2203 -0.1859 0.0035 0.9515 -0.2630 8.6486 -6.4584 ] [585.5803 -10.6534 0.1983 54.5173 -15.0662 495.5283 -370.0391 ]
curr_position     [ 0.0000 -0.0001 -0.0000 -0.0001 0.0001 -0.0000 0.1995 ] [0.0014 -0.0031 -0.0014 -0.0030 0.0040 -0.0006 11.4289 ]
curr_position_reg [ 10.2203 -0.1859 0.0035 0.9515 -0.2630 8.6487 -6.4590 ] [585.5805 -10.6536 0.1978 54.5171 -15.0662 495.5321 -370.0749 ]

重新上电
zero_position     [ 10.2203 -0.1859 0.0035 0.9516 -0.2630 8.6487 -6.6585 ] [585.5791 -10.6505 0.1992 54.5201 -15.0702 495.5327 -381.5038 ] 零位没变
goal_position     [ 0.0000 0.6283 -0.0000 -0.0000 0.0000 -0.0000 0.0738 ] [0.0011 35.9990 -0.0010 -0.0027 0.0023 -0.0000 4.2261 ]
goal_position_reg [ 10.2203 0.4424 0.0035 0.9515 -0.2630 8.6487 -6.5847 ] [585.5802 25.3485 0.1982 54.5174 -15.0679 495.5327 -377.2777 ]
curr_position     [ 0.0000 0.6283 -0.0000 -0.0000 0.0000 -0.0000 0.0738 ] [0.0011 35.9990 -0.0010 -0.0027 0.0024 -0.0000 4.2261 ]
curr_position_reg [ 10.2203 0.4424 0.0035 0.9515 -0.2630 8.6487 -6.5847 ] [585.5802 25.3485 0.1982 54.5174 -15.0678 495.5327 -377.2777 ] 2号当前位置也变了

再重新上电
zero_position     [ 10.2203 -0.1859 0.0035 0.9516 -0.2630 8.6487 -6.6585 ] [585.5791 -10.6505 0.1992 54.5201 -15.0702 495.5327 -381.5038 ]
goal_position     [ 0.0000 -0.0000 -0.0000 -0.0000 0.0000 -0.0000 0.0738 ] [0.0011 -0.0009 -0.0010 -0.0027 0.0023 -0.0000 4.2261 ]
goal_position_reg [ 10.2203 -0.1859 0.0035 0.9515 -0.2630 8.6487 -6.5847 ] [585.5802 -10.6514 0.1982 54.5174 -15.0679 495.5327 -377.2777 ]
curr_position     [ 0.0000 -0.0000 -0.0000 -0.0000 0.0000 -0.0000 0.0738 ] [0.0011 -0.0009 -0.0010 -0.0027 0.0023 -0.0000 4.2261 ]
curr_position_reg [ 10.2203 -0.1859 0.0035 0.9515 -0.2630 8.6487 -6.5847 ] [585.5802 -10.6514 0.1982 54.5174 -15.0679 495.5327 -377.2777 ]  没问题了...

再重新上电
zero_position     [ 10.2203 -0.1859 0.0035 0.9516 -0.2630 8.6487 -6.6585 ] [585.5791 -10.6505 0.1992 54.5201 -15.0702 495.5327 -381.5038 ]
goal_position     [ 0.0000 -0.0000 -0.0000 -0.0000 0.0000 -0.0000 0.0738 ] [0.0011 -0.0009 -0.0010 -0.0027 0.0023 -0.0000 4.2261 ]
goal_position_reg [ 10.2203 -0.1859 0.0035 0.9515 -0.2630 8.6487 -6.5847 ] [585.5802 -10.6514 0.1982 54.5174 -15.0679 495.5327 -377.2777 ]
curr_position     [ 0.0000 -0.0000 -0.0000 -0.0000 0.0000 -0.0000 0.0738 ] [0.0011 -0.0009 -0.0010 -0.0027 0.0023 -0.0000 4.2260 ]
curr_position_reg [ 10.2203 -0.1859 0.0035 0.9515 -0.2630 8.6487 -6.5847 ] [585.5802 -10.6514 0.1982 54.5174 -15.0679 495.5327 -377.2778 ] 没问题

上面回零动作有，但是位置并不准


新的零位
zero_position     [ 10.2202 -0.1858 0.0035 0.9516 -0.2631 8.6487 -6.7862 ] [585.5749 -10.6480 0.1978 54.5202 -15.0721 495.5316 -388.8222 ]
goal_position     [ 0.0000 0.0000 -0.0000 -0.0000 0.0000 0.0000 -0.0000 ] [0.0000 0.0003 -0.0000 -0.0002 0.0002 0.0000 -0.0001 ]
goal_position_reg [ 10.2202 -0.1858 0.0035 0.9516 -0.2631 8.6487 -6.7862 ] [585.5749 -10.6477 0.1978 54.5200 -15.0719 495.5316 -388.8223 ]
curr_position     [ 0.0000 -0.0000 -0.0000 -0.0000 -0.0000 0.0000 -0.0000 ] [0.0000 -0.0000 -0.0000 -0.0000 -0.0000 0.0000 -0.0000 ]
curr_position_reg [ 10.2202 -0.1858 0.0035 0.9516 -0.2631 8.6487 -6.7862 ] [585.5749 -10.6480 0.1978 54.5202 -15.0721 495.5316 -388.8222 ]

重新上电
zero_position     [ 10.2202 -0.1858 0.0035 0.9516 -0.2631 8.6487 -6.7862 ] [585.5749 -10.6480 0.1978 54.5202 -15.0721 495.5316 -388.8222 ]
goal_position     [ -0.0000 0.0000 0.0001 0.0001 0.0000 -0.0001 0.3364 ] [-0.0006 0.0019 0.0033 0.0054 0.0016 -0.0044 19.2733 ]
goal_position_reg [ 10.2202 -0.1858 0.0035 0.9517 -0.2630 8.6486 -6.4498 ] [585.5743 -10.6461 0.2011 54.5256 -15.0705 495.5272 -369.5489 ]
curr_position     [ -0.0000 0.0000 0.0001 0.0001 0.0000 -0.0001 0.3364 ] [-0.0006 0.0019 0.0033 0.0054 0.0016 -0.0044 19.2733 ]
curr_position_reg [ 10.2202 -0.1858 0.0035 0.9517 -0.2630 8.6486 -6.4498 ] [585.5743 -10.6461 0.2011 54.5256 -15.0705 495.5272 -369.5489 ]

回零，但是位置仍然达不到
zero_position     [ 10.2202 -0.1858 0.0035 0.9516 -0.2631 8.6487 -6.7862 ] [585.5749 -10.6480 0.1978 54.5202 -15.0721 495.5316 -388.8222 ]
goal_position     [ -0.0001 0.0000 -0.0000 -0.0001 -0.0000 -0.0001 -0.0001 ] [-0.0036 0.0001 -0.0009 -0.0037 -0.0025 -0.0043 -0.0054 ]
goal_position_reg [ 10.2201 -0.1858 0.0034 0.9515 -0.2631 8.6486 -6.7863 ] [585.5713 -10.6479 0.1969 54.5165 -15.0746 495.5273 -388.8276 ]
curr_position     [ -0.0001 0.0000 -0.0000 -0.0001 -0.0000 -0.0001 0.0004 ] [-0.0036 0.0001 -0.0009 -0.0038 -0.0024 -0.0043 0.0216 ]
curr_position_reg [ 10.2201 -0.1858 0.0034 0.9515 -0.2631 8.6486 -6.7859 ] [585.5713 -10.6479 0.1969 54.5164 -15.0745 495.5273 -388.8006 ]


思考：机械根本就没有到达目标位置！！！须进行关节角度测量

// 第一次测试（没问题）
zero_position     [ 10.2202 -0.1858 0.0035 0.9516 -0.2631 8.6487 -6.7862 ] [585.5749 -10.6480 0.1978 54.5202 -15.0721 495.5316 -388.8222 ]
goal_position     [ -0.0001 0.0000 -0.0000 -0.0001 -0.0000 -0.0001 0.0004 ] [-0.0036 0.0010 -0.0009 -0.0038 -0.0019 -0.0038 0.0206 ]
goal_position_reg [ 10.2201 -0.1858 0.0034 0.9515 -0.2631 8.6486 -6.7859 ] [585.5713 -10.6470 0.1969 54.5164 -15.0740 495.5278 -388.8016 ]
curr_position     [ -0.0001 0.0000 -0.0000 -0.0001 -0.0000 -0.0001 0.0004 ] [-0.0035 0.0010 -0.0009 -0.0038 -0.0018 -0.0037 0.0206 ]
curr_position_reg [ 10.2201 -0.1858 0.0034 0.9515 -0.2631 8.6486 -6.7859 ] [585.5714 -10.6470 0.1969 54.5164 -15.0739 495.5279 -388.8016 ]

新的零位
zero_position     [ 10.2203 -0.1859 0.0035 0.9516 -0.2631 8.6487 -6.8551 ] [585.5789 -10.6503 0.2000 54.5198 -15.0743 495.5323 -392.7692 ]
goal_position     [ -0.0000 0.0000 0.0000 -0.0000 0.0000 0.0000 -0.0004 ] [-0.0000 0.0000 0.0001 -0.0000 0.0000 0.0005 -0.0253 ]
goal_position_reg [ 10.2203 -0.1859 0.0035 0.9516 -0.2631 8.6487 -6.8556 ] [585.5788 -10.6503 0.2001 54.5198 -15.0743 495.5328 -392.7945 ]
curr_position     [ -0.0000 0.0000 -0.0000 -0.0000 0.0000 0.0000 -0.0000 ] [-0.0000 0.0001 -0.0000 -0.0000 0.0000 0.0004 -0.0008 ]
curr_position_reg [ 10.2203 -0.1859 0.0035 0.9516 -0.2631 8.6487 -6.8551 ] [585.5788 -10.6502 0.2000 54.5198 -15.0743 495.5327 -392.7700 ]

1转+90度 7转+180度
zero_position     [ 10.2203 -0.1859 0.0035 0.9516 -0.2631 8.6487 -6.8551 ] [585.5789 -10.6503 0.2000 54.5198 -15.0743 495.5323 -392.7692 ]
goal_position     [ 1.5708 0.0001 -0.0000 -0.0000 0.0000 -0.0000 3.1393 ] [90.0002 0.0057 -0.0017 -0.0026 0.0007 -0.0022 179.8694 ]
goal_position_reg [ 11.7911 -0.1858 0.0035 0.9515 -0.2631 8.6486 -3.7158 ] [675.5790 -10.6446 0.1983 54.5172 -15.0736 495.5301 -212.8998 ]
curr_position     [ 1.5708 0.0001 -0.0000 -0.0000 -0.0000 -0.0000 3.1382 ] [90.0003 0.0048 -0.0015 -0.0025 -0.0005 -0.0018 179.8044 ]
curr_position_reg [ 11.7911 -0.1858 0.0035 0.9515 -0.2631 8.6486 -3.7169 ] [675.5791 -10.6455 0.1985 54.5173 -15.0748 495.5305 -212.9648 ]

重新上电
zero_position     [ 10.2203 -0.1859 0.0035 0.9516 -0.2631 8.6487 -6.8551 ] [585.5789 -10.6503 0.2000 54.5198 -15.0743 495.5323 -392.7692 ]
goal_position     [ 1.5708 0.0001 -0.0000 -0.0000 -0.0000 -0.0000 3.1382 ] [90.0003 0.0048 -0.0016 -0.0025 -0.0005 -0.0018 179.8044 ]
goal_position_reg [ 11.7911 -0.1858 0.0035 0.9515 -0.2631 8.6486 -3.7169 ] [675.5791 -10.6455 0.1984 54.5173 -15.0748 495.5305 -212.9648 ]
curr_position     [ 1.5708 0.0001 -0.0000 -0.0000 -0.0000 -0.0000 3.1382 ] [90.0003 0.0048 -0.0016 -0.0025 -0.0005 -0.0018 179.8044 ]
curr_position_reg [ 11.7911 -0.1858 0.0035 0.9515 -0.2631 8.6486 -3.7169 ] [675.5791 -10.6455 0.1984 54.5173 -15.0748 495.5305 -212.9648 ]

// 第二次测试（没问题）
1、7转0.4rad
zero_position     [ 10.2203 -0.1859 0.0035 0.9516 -0.2631 8.6487 -6.8551 ] [585.5789 -10.6503 0.2000 54.5198 -15.0743 495.5323 -392.7692 ]
goal_position     [ 0.4001 -0.0001 0.0001 -0.0000 -0.0001 -0.0001 0.4005 ] [22.9243 -0.0039 0.0037 -0.0000 -0.0051 -0.0035 22.9486 ]
goal_position_reg [ 10.6204 -0.1860 0.0036 0.9516 -0.2632 8.6486 -6.4546 ] [608.5031 -10.6542 0.2037 54.5198 -15.0794 495.5288 -369.8206 ]
curr_position     [ 0.4001 -0.0001 0.0001 -0.0000 -0.0001 -0.0000 0.4001 ] [22.9243 -0.0038 0.0036 -0.0000 -0.0050 -0.0028 22.9215 ]
curr_position_reg [ 10.6204 -0.1859 0.0036 0.9516 -0.2632 8.6486 -6.4551 ] [608.5031 -10.6541 0.2036 54.5198 -15.0793 495.5295 -369.8477 ]

重新上电
zero_position     [ 10.2203 -0.1859 0.0035 0.9516 -0.2631 8.6487 -6.8551 ] [585.5789 -10.6503 0.2000 54.5198 -15.0743 495.5323 -392.7692 ]
goal_position     [ 0.4001 -0.0001 0.0001 0.0000 -0.0001 -0.0001 0.4000 ] [22.9245 -0.0036 0.0035 0.0001 -0.0046 -0.0033 22.9189 ]
goal_position_reg [ 10.6204 -0.1859 0.0036 0.9516 -0.2632 8.6486 -6.4551 ] [608.5033 -10.6539 0.2035 54.5199 -15.0789 495.5290 -369.8503 ]
curr_position     [ 0.4001 -0.0001 0.0001 0.0000 -0.0001 -0.0001 0.4000 ] [22.9245 -0.0036 0.0035 0.0001 -0.0046 -0.0033 22.9189 ]
curr_position_reg [ 10.6204 -0.1859 0.0036 0.9516 -0.2632 8.6486 -6.4551 ] [608.5033 -10.6539 0.2035 54.5199 -15.0789 495.5290 -369.8503 ]

回零
zero_position     [ 10.2203 -0.1859 0.0035 0.9516 -0.2631 8.6487 -6.8551 ] [585.5789 -10.6503 0.2000 54.5198 -15.0743 495.5323 -392.7692 ]
goal_position     [ 0.0000 0.0001 -0.0001 -0.0001 -0.0001 0.0000 -0.0001 ] [0.0014 0.0055 -0.0042 -0.0036 -0.0031 0.0005 -0.0047 ]
goal_position_reg [ 10.2203 -0.1858 0.0034 0.9515 -0.2632 8.6487 -6.8552 ] [585.5802 -10.6448 0.1958 54.5162 -15.0774 495.5328 -392.7739 ]
curr_position     [ 0.0000 0.0001 -0.0001 -0.0001 -0.0001 -0.0000 0.0005 ] [0.0010 0.0048 -0.0043 -0.0034 -0.0046 -0.0014 0.0310 ]
curr_position_reg [ 10.2203 -0.1858 0.0034 0.9515 -0.2632 8.6486 -6.8546 ] [585.5798 -10.6455 0.1957 54.5164 -15.0789 495.5309 -392.7382 ]

重启后回零，未回到正确位置
zero_position     [ 10.2201 -0.1861 0.0039 0.9515 -0.2533 8.6488 -6.8546 ] [585.5699 -10.6608 0.2246 54.5164 -14.5127 495.5395 -392.7414 ]
goal_position     [ 0.0000 0.0000 0.0000 -0.0001 -0.0001 -0.0000 0.0000 ] [0.0006 0.0003 0.0023 -0.0045 -0.0051 -0.0022 0.0019 ]
goal_position_reg [ 10.2201 -0.1861 0.0040 0.9514 -0.2534 8.6488 -6.8546 ] [585.5705 -10.6605 0.2269 54.5119 -14.5178 495.5373 -392.7395 ]
curr_position     [ 0.0000 0.0000 0.0000 -0.0001 0.2533 -0.0000 0.0004 ] [0.0006 0.0004 0.0022 -0.0046 14.5127 -0.0026 0.0232 ]
curr_position_reg [ 10.2201 -0.1861 0.0040 0.9514 0.0000 8.6488 -6.8542 ] [585.5705 -10.6604 0.2268 54.5118 0.0000 495.5369 -392.7182 ]

重新校零
zero_position     [ 9.1813 0.9642 0.0584 2.3010 -0.2534 7.8589 -6.6741 ] [526.0469 55.2442 3.3488 131.8403 -14.5180 450.2792 -382.3984 ]
goal_position     [ -0.0000 -0.0000 0.0000 0.0000 0.0000 -0.0000 -0.0007 ] [-0.0002 -0.0002 0.0002 0.0004 0.0000 -0.0017 -0.0395 ]
goal_position_reg [ 9.1812 0.9642 0.0585 2.3011 -0.2534 7.8588 -6.6748 ] [526.0467 55.2440 3.3490 131.8407 -14.5180 450.2775 -382.4379 ]
curr_position     [ -0.0000 -0.0000 -0.0000 0.0000 0.0000 0.0000 -0.0001 ] [-0.0001 -0.0001 -0.0001 0.0005 0.0001 0.0008 -0.0029 ]
curr_position_reg [ 9.1812 0.9642 0.0584 2.3011 -0.2534 7.8589 -6.6742 ] [526.0468 55.2441 3.3487 131.8408 -14.5179 450.2800 -382.4013 ]

又重新校零
zero_position     [ 9.1816 0.9640 -0.5168 2.3012 -0.2533 8.1208 -7.5428 ] [526.0657 55.2342 -29.6106 131.8470 -14.5153 465.2902 -432.1686 ]
goal_position     [ -0.0000 0.0000 -0.0000 -0.0000 -0.0000 -0.0000 0.0009 ] [-0.0001 0.0001 -0.0001 -0.0000 -0.0001 -0.0008 0.0490 ]
goal_position_reg [ 9.1816 0.9640 -0.5168 2.3012 -0.2533 8.1208 -7.5419 ] [526.0656 55.2343 -29.6107 131.8470 -14.5154 465.2894 -432.1196 ]
curr_position     [ -0.0000 0.0000 0.0000 -0.0000 0.0000 -0.0000 0.0001 ] [-0.0001 0.0001 0.0000 -0.0000 0.0000 -0.0007 0.0037 ]
curr_position_reg [ 9.1816 0.9640 -0.5168 2.3012 -0.2533 8.1208 -7.5427 ] [526.0656 55.2343 -29.6106 131.8470 -14.5153 465.2895 -432.1649 ]

再次校零
zero_position     [ 9.1816 0.9641 -0.5167 2.3012 -0.2533 8.1208 -7.5430 ] [526.0671 55.2377 -29.6072 131.8476 -14.5104 465.2878 -432.1792 ]
goal_position     [ -0.0000 0.0000 -0.0000 -0.0000 -0.0000 0.0000 -0.0000 ] [-0.0000 0.0000 -0.0000 -0.0000 -0.0001 0.0000 -0.0000 ]
goal_position_reg [ 9.1816 0.9641 -0.5167 2.3012 -0.2533 8.1208 -7.5430 ] [526.0671 55.2377 -29.6072 131.8476 -14.5105 465.2878 -432.1792 ]
curr_position     [ -0.0000 0.0000 -0.0000 -0.0000 -0.0000 0.0000 -0.0000 ] [-0.0000 0.0000 -0.0000 -0.0000 -0.0001 0.0000 -0.0000 ]
curr_position_reg [ 9.1816 0.9641 -0.5167 2.3012 -0.2533 8.1208 -7.5430 ] [526.0671 55.2377 -29.6072 131.8476 -14.5105 465.2878 -432.1792 ]

0727校零
zero_position     [ 9.1712 1.0240 -0.0048 2.2720 -0.2518 7.9839 -7.9147 ] [525.4697 58.6701 -0.2766 130.1772 -14.4284 457.4424 -453.4815 ]
goal_position     [ -0.0000 -0.0000 0.0000 -0.0000 -0.0000 -0.0000 -0.0000 ] [-0.0000 -0.0000 0.0000 -0.0000 -0.0001 -0.0012 -0.0027 ]
goal_position_reg [ 9.1712 1.0240 -0.0048 2.2720 -0.2518 7.9839 -7.9148 ] [525.4697 58.6701 -0.2766 130.1772 -14.4285 457.4412 -453.4842 ]
curr_position     [ -0.0000 -0.0000 0.0000 -0.0000 -0.0000 -0.0000 -0.0000 ] [-0.0000 -0.0001 0.0000 -0.0000 -0.0001 -0.0001 -0.0000 ]
curr_position_reg [ 9.1712 1.0240 -0.0048 2.2720 -0.2518 7.9839 -7.9147 ] [525.4697 58.6700 -0.2766 130.1772 -14.4285 457.4423 -453.4815 ]

重启后6号关节当前位置不对
zero_position     [ 9.1712 1.0240 -0.0048 2.2720 -0.2518 7.9838 -7.9148 ] [525.4695 58.6683 -0.2764 130.1758 -14.4289 457.4380 -453.4821 ]
goal_position     [ 0.0000 -0.0001 0.0000 0.0001 0.0000 0.6281 -0.0009 ] [0.0011 -0.0053 0.0018 0.0049 0.0024 35.9890 -0.0499 ]
goal_position_reg [ 9.1712 1.0239 -0.0048 2.2721 -0.2518 8.6119 -7.9156 ] [525.4706 58.6630 -0.2746 130.1807 -14.4265 493.4270 -453.5320 ]
curr_position     [ 0.0000 -0.0001 0.0000 0.0001 0.0000 0.6281 -0.0009 ] [0.0011 -0.0054 0.0019 0.0049 0.0024 35.9890 -0.0499 ]
curr_position_reg [ 9.1712 1.0239 -0.0048 2.2721 -0.2518 8.6119 -7.9156 ] [525.4706 58.6629 -0.2745 130.1807 -14.4265 493.4270 -453.5320 ]

zero_position     [ 9.2770 1.0239 -0.0050 2.2719 -0.2516 8.6109 -7.9163 ] [531.5357 58.6625 -0.2837 130.1696 -14.4174 493.3655 -453.5691 ]
goal_position     [ 0.0000 -0.0000 0.0000 0.0000 -0.0000 0.0001 -0.0007 ] [0.0001 -0.0009 0.0000 0.0001 -0.0012 0.0031 -0.0381 ]
goal_position_reg [ 9.2771 1.0238 -0.0050 2.2719 -0.2517 8.6109 -7.9169 ] [531.5358 58.6616 -0.2837 130.1697 -14.4186 493.3686 -453.6072 ]
curr_position     [ 0.0000 0.0000 -0.0000 -0.0000 0.0000 -0.0000 0.0000 ] [0.0000 0.0001 -0.0001 -0.0000 0.0003 -0.0002 0.0001 ]
curr_position_reg [ 9.2770 1.0239 -0.0050 2.2719 -0.2516 8.6108 -7.9163 ] [531.5357 58.6626 -0.2838 130.1696 -14.4171 493.3653 -453.5690 ]

标准零位
圈数： [ 1.46 0.153 -0.082 0.366 -0.043 1.29 -1.2 ]
弧度： [ 9.1816 0.9641 -0.5167 2.3012 -0.2533 8.1208 -7.5430 ]

手眼标定
translation:
  x: 0.0351178991086
  y: 0.0959630630166
  z: 0.0744596246251
rotation:
  x: 0.00202513005408
  y: -0.00922970103159
  z: 0.999955141476
  w: 0.000653071980103

0804:
zero_position     [ 27.2741 0.9522 -0.0060 2.3659 -0.2634 7.3780 -7.9048 ] [1562.6931 54.5568 -0.3445 135.5572 -15.0911 422.7281 -452.9124 ]
goal_position     [ -0.0001 -0.0000 -0.0001 -0.0000 0.0000 -0.0001 0.0001 ] [-0.0036 -0.0013 -0.0043 -0.0027 0.0025 -0.0057 0.0036 ]
goal_position_reg [ 27.2741 0.9522 -0.0061 2.3659 -0.2633 7.3779 -7.9047 ] [1562.6895 54.5555 -0.3488 135.5545 -15.0886 422.7224 -452.9088 ]
curr_position     [ -0.0000 0.0001 -0.0001 -0.0000 0.0000 -0.0027 -0.0012 ] [-0.0002 0.0033 -0.0046 -0.0011 0.0026 -0.1535 -0.0687 ]
curr_position_reg [ 27.2741 0.9523 -0.0061 2.3659 -0.2633 7.3753 -7.9060 ] [1562.6929 54.5601 -0.3491 135.5561 -15.0885 422.5746 -452.9811 ]

[TRAJ] begin (0 ms)=[0.27(15.41),-0.00(-0.00),-0.00(-0.01),-0.00(-0.01),-0.00(-0.01),-0.00(-0.00),0.00(0.02)]
[TRAJ] end (1053 ms)=[0.07(3.95),-0.00(-0.00),-0.00(-0.00),-0.00(-0.00),-0.00(-0.01),-0.00(-0.01),0.00(0.02)]